2 5.96046447754e-06
3 4.05311584473e-06
5 2.86102294922e-06
7 2.86102294922e-06
13 5.00679016113e-06
17 5.96046447754e-06
19 6.19888305664e-06
31 9.05990600586e-06
61 3.91006469727e-05
89 5.00679016113e-05
107 6.60419464111e-05
127 8.39233398438e-05
521 0.000952005386353
607 0.00133490562439
1279 0.00886392593384
2203 0.0451469421387
2281 0.0409588813782
3217 0.103451013565
4253 0.224119901657
4423 0.28377199173
9689 2.35812592506
9941 2.53931593895
11213 3.65977597237
19937 18.5198578835
21701 23.55163908
23209 28.9906289577
44497 195.052412987
86243 1349.20430994
